129;129;OD;R;1;289;0745478;;20180205;2235;20;ASIGNADO;;;;
129;129;OD;R;1;289;0745478;;20180205;2235;30;EN VIAJE;;;;
129;129;OD;R;1;289;0745478;;20180205;2236;60;ENTREGADO;;;;
129;129;OD;R;1;294;0747942;;20180205;2235;20;ASIGNADO;;;;
129;129;OD;R;1;294;0747942;;20180205;2235;30;EN VIAJE;;;;
129;129;OD;R;1;294;0747942;;20180205;2236;60;ENTREGADO;;;;
129;129;OD;R;1;309;0747976;;20180206;0617;60;ENTREGADO;;;;
129;129;OD;R;1;325;747925;;20180205;2235;20;ASIGNADO;;;;
129;129;OD;R;1;325;747925;;20180205;2235;30;EN VIAJE;;;;
129;129;OD;R;1;325;747925;;20180205;2236;60;ENTREGADO;;;;
129;129;OD;R;1;326;0745290;;20180205;2236;60;ENTREGADO;;;;
129;129;OD;R;1;326;0745290;;20180205;2235;30;EN VIAJE;;;;
129;129;OD;R;1;326;0745290;;20180205;2235;20;ASIGNADO;;;;
129;129;OD;R;1;332;B0026019;;20180206;0617;60;ENTREGADO;;;;
129;129;OD;R;1;335;b0019008;;20180205;2235;20;ASIGNADO;;;;
129;129;OD;R;1;335;b0019008;;20180205;2235;30;EN VIAJE;;;;
129;129;OD;R;1;335;b0019008;;20180205;2236;60;ENTREGADO;;;;
129;129;OD;R;1;343;0015008;;20180205;2246;20;ASIGNADO;;;;
129;129;OD;R;1;343;0015008;;20180205;2247;60;ENTREGADO;;;;
129;129;OD;R;1;343;0015008;;20180205;2246;30;EN VIAJE;;;;
129;129;OR;R;1;343;0015008;;20180205;2246;30;EN VIAJE;;;;
129;129;OR;R;1;343;0015008;;20180205;2247;60;ENTREGADO;;;;
129;129;OR;R;1;343;0015008;;20180205;2246;20;ASIGNADO;;;;
129;129;OR;R;1;340;0015007;;20180205;2246;30;EN VIAJE;;;;
129;129;OR;R;1;340;0015007;;20180205;2247;60;ENTREGADO;;;;
129;129;OR;R;1;340;0015007;;20180205;2246;20;ASIGNADO;;;;
129;129;OD;R;1;340;0015007;;20180205;2246;20;ASIGNADO;;;;
129;129;OD;R;1;340;0015007;;20180205;2247;60;ENTREGADO;;;;
129;129;OD;R;1;340;0015007;;20180205;2246;30;EN VIAJE;;;;
129;129;OD;R;1;344;0015009;;20180205;2246;30;EN VIAJE;;;;
129;129;OD;R;1;344;0015009;;20180205;2247;60;ENTREGADO;;;;
129;129;OR;R;1;344;0015009;;20180205;2246;30;EN VIAJE;;;;
129;129;OR;R;1;344;0015009;;20180205;2247;60;ENTREGADO;;;;
129;129;OD;R;1;346;0747008;;20180205;2252;30;EN VIAJE;;;;
129;129;OD;R;1;346;0747008;;20180205;2253;60;ENTREGADO;;;;
129;129;OR;R;1;346;0747008;;20180205;2253;60;ENTREGADO;;;;
129;129;OR;R;1;346;0747008;;20180205;2252;30;EN VIAJE;;;;
129;129;OD;R;1;347;0012762;;20180205;2247;60;ENTREGADO;;;;
129;129;OD;R;1;347;0012762;;20180205;2246;30;EN VIAJE;;;;
129;129;OR;R;1;347;0012762;;20180205;2246;30;EN VIAJE;;;;
129;129;OR;R;1;347;0012762;;20180205;2247;60;ENTREGADO;;;;
129;129;OD;R;1;350;0012144;;20180205;2247;60;ENTREGADO;;;;
129;129;OD;R;1;350;0012144;;20180205;2246;30;EN VIAJE;;;;
129;129;OD;R;1;350;0012144;;20180205;2246;20;ASIGNADO;;;;
129;129;OR;R;1;350;0012144;;20180205;2246;20;ASIGNADO;;;;
129;129;OR;R;1;350;0012144;;20180205;2247;60;ENTREGADO;;;;
129;129;OR;R;1;350;0012144;;20180205;2246;30;EN VIAJE;;;;
129;129;OD;R;1;361;0745918;;20180205;2235;20;ASIGNADO;;;;
129;129;OD;R;1;361;0745918;;20180205;2235;30;EN VIAJE;;;;
129;129;OD;R;1;361;0745918;;20180205;2236;60;ENTREGADO;;;;
129;129;OD;R;1;371;0026488;;20180205;2246;20;ASIGNADO;;;;
129;129;OD;R;1;371;0026488;;20180205;2246;30;EN VIAJE;;;;
129;129;OD;R;1;371;0026488;;20180205;2247;60;ENTREGADO;;;;
129;129;OR;R;1;371;0026488;;20180205;2247;60;ENTREGADO;;;;
129;129;OR;R;1;371;0026488;;20180205;2246;30;EN VIAJE;;;;
129;129;OR;R;1;371;0026488;;20180205;2246;20;ASIGNADO;;;;
129;129;OD;R;1;373;0026485;;20180205;2246;30;EN VIAJE;;;;
129;129;OD;R;1;373;0026485;;20180205;2246;20;ASIGNADO;;;;
129;129;OD;R;1;373;0026485;;20180205;2247;60;ENTREGADO;;;;
129;129;OR;R;1;373;0026485;;20180205;2246;30;EN VIAJE;;;;
129;129;OR;R;1;373;0026485;;20180205;2247;60;ENTREGADO;;;;
129;129;OR;R;1;373;0026485;;20180205;2246;20;ASIGNADO;;;;
129;129;OD;R;1;374;0026486;;20180205;2246;20;ASIGNADO;;;;
129;129;OD;R;1;374;0026486;;20180205;2246;30;EN VIAJE;;;;
129;129;OD;R;1;374;0026486;;20180205;2247;60;ENTREGADO;;;;
129;129;OR;R;1;374;0026486;;20180205;2247;60;ENTREGADO;;;;
129;129;OR;R;1;374;0026486;;20180205;2246;30;EN VIAJE;;;;
129;129;OR;R;1;374;0026486;;20180205;2246;20;ASIGNADO;;;;
129;129;OR;R;1;375;0026486;;20180205;2246;20;ASIGNADO;;;;
129;129;OR;R;1;375;0026486;;20180205;2246;30;EN VIAJE;;;;
129;129;OR;R;1;375;0026486;;20180205;2247;60;ENTREGADO;;;;
129;129;OD;R;1;376;0012761;;20180205;2247;60;ENTREGADO;;;;
129;129;OD;R;1;376;0012761;;20180205;2246;30;EN VIAJE;;;;
129;129;OR;R;1;376;0012761;;20180205;2246;30;EN VIAJE;;;;
129;129;OR;R;1;376;0012761;;20180205;2247;60;ENTREGADO;;;;
129;129;OR;R;1;377;0015319;;20180205;2246;30;EN VIAJE;;;;
129;129;OR;R;1;377;0015319;;20180205;2247;60;ENTREGADO;;;;
129;129;OD;R;1;377;0015319;;20180205;2247;60;ENTREGADO;;;;
129;129;OD;R;1;377;0015319;;20180205;2246;30;EN VIAJE;;;;
129;129;OD;R;1;378;0012760;;20180205;2246;30;EN VIAJE;;;;
129;129;OD;R;1;378;0012760;;20180205;2247;60;ENTREGADO;;;;
129;129;OR;R;1;378;0012760;;20180205;2246;30;EN VIAJE;;;;
129;129;OR;R;1;378;0012760;;20180205;2247;60;ENTREGADO;;;;
129;129;OD;R;1;379;0012511;;20180205;2251;30;EN VIAJE;;;;
129;129;OD;R;1;379;0012511;;20180205;2252;60;ENTREGADO;;;;
129;129;OR;R;1;379;0012511;;20180205;2251;30;EN VIAJE;;;;
129;129;OR;R;1;379;0012511;;20180205;2252;60;ENTREGADO;;;;
129;129;OR;R;1;380;0026483;;20180205;2246;20;ASIGNADO;;;;
129;129;OR;R;1;380;0026483;;20180205;2247;60;ENTREGADO;;;;
129;129;OR;R;1;380;0026483;;20180205;2246;30;EN VIAJE;;;;
129;129;OD;R;1;383;0026484;;20180205;2246;20;ASIGNADO;;;;
129;129;OD;R;1;383;0026484;;20180205;2247;60;ENTREGADO;;;;
129;129;OD;R;1;383;0026484;;20180205;2246;30;EN VIAJE;;;;
129;129;OR;R;1;383;0026484;;20180205;2246;30;EN VIAJE;;;;
129;129;OR;R;1;383;0026484;;20180205;2247;60;ENTREGADO;;;;
129;129;OR;R;1;383;0026484;;20180205;2246;20;ASIGNADO;;;;
129;129;OD;R;1;392;0747952;;20180205;2236;60;ENTREGADO;;;;
129;129;OD;R;1;392;0747952;;20180205;2235;30;EN VIAJE;;;;
129;129;OD;R;1;392;0747952;;20180205;2235;20;ASIGNADO;;;;
129;129;OD;R;1;393;0747009;;20180205;2253;60;ENTREGADO;;;;
129;129;OD;R;1;393;0747009;;20180205;2252;30;EN VIAJE;;;;
129;129;OR;R;1;393;0747009;;20180205;2252;30;EN VIAJE;;;;
129;129;OR;R;1;393;0747009;;20180205;2253;60;ENTREGADO;;;;
129;129;OD;R;1;395;0745310;;20180205;2235;20;ASIGNADO;;;;
129;129;OD;R;1;395;0745310;;20180205;2235;30;EN VIAJE;;;;
129;129;OD;R;1;395;0745310;;20180205;2236;60;ENTREGADO;;;;
129;129;OD;R;1;396;0012516;;20180205;2252;60;ENTREGADO;;;;
129;129;OD;R;1;396;0012516;;20180205;2251;30;EN VIAJE;;;;
129;129;OR;R;1;396;0012516;;20180205;2251;30;EN VIAJE;;;;
129;129;OR;R;1;396;0012516;;20180205;2252;60;ENTREGADO;;;;
129;129;OD;R;1;399;0745414;;20180205;2235;20;ASIGNADO;;;;
129;129;OD;R;1;399;0745414;;20180205;2235;30;EN VIAJE;;;;
129;129;OD;R;1;399;0745414;;20180205;2236;60;ENTREGADO;;;;
129;129;OD;R;1;411;0745749;;20180205;2236;60;ENTREGADO;;;;
129;129;OD;R;1;411;0745749;;20180205;2235;30;EN VIAJE;;;;
129;129;OD;R;1;411;0745749;;20180205;2235;20;ASIGNADO;;;;
129;129;OD;R;1;412;167972;;20180205;2235;20;ASIGNADO;;;;
129;129;OD;R;1;412;167972;;20180205;2235;30;EN VIAJE;;;;
129;129;OD;R;1;412;167972;;20180205;2236;60;ENTREGADO;;;;
129;129;OD;R;1;414;0745890;;20180205;2235;20;ASIGNADO;;;;
129;129;OD;R;1;414;0745890;;20180205;2236;60;ENTREGADO;;;;
129;129;OD;R;1;414;0745890;;20180205;2235;30;EN VIAJE;;;;
129;129;OD;R;1;422;747881;;20180205;2247;60;ENTREGADO;;;;
129;129;OD;R;1;422;747881;;20180205;2246;30;EN VIAJE;;;;
129;129;OR;R;1;422;747881;;20180205;2246;30;EN VIAJE;;;;
129;129;OR;R;1;422;747881;;20180205;2247;60;ENTREGADO;;;;
129;129;OD;R;1;423;0012759;;20180205;2247;60;ENTREGADO;;;;
129;129;OD;R;1;423;0012759;;20180205;2246;30;EN VIAJE;;;;
129;129;OR;R;1;423;0012759;;20180205;2246;30;EN VIAJE;;;;
129;129;OR;R;1;423;0012759;;20180205;2247;60;ENTREGADO;;;;
129;129;OD;R;1;426;0747082;;20180205;2247;60;ENTREGADO;;;;
129;129;OD;R;1;426;0747082;;20180205;2246;30;EN VIAJE;;;;
129;129;OR;R;1;426;0747082;;20180205;2247;60;ENTREGADO;;;;
129;129;OR;R;1;426;0747082;;20180205;2246;30;EN VIAJE;;;;
129;129;OD;R;1;427;745617;;20180205;2251;30;EN VIAJE;;;;
129;129;OD;R;1;427;745617;;20180205;2252;60;ENTREGADO;;;;
129;129;OR;R;1;427;745617;;20180205;2251;30;EN VIAJE;;;;
129;129;OR;R;1;427;745617;;20180205;2252;60;ENTREGADO;;;;
129;129;OD;R;1;431;0747831;;20180205;2246;30;EN VIAJE;;;;
129;129;OD;R;1;431;0747831;;20180205;2247;60;ENTREGADO;;;;
129;129;OR;R;1;431;0747831;;20180205;2247;60;ENTREGADO;;;;
129;129;OR;R;1;431;0747831;;20180205;2246;30;EN VIAJE;;;;
129;129;OD;R;1;433;0013246;;20180205;2247;60;ENTREGADO;;;;
129;129;OD;R;1;433;0013246;;20180205;2246;20;ASIGNADO;;;;
129;129;OD;R;1;433;0013246;;20180205;2246;30;EN VIAJE;;;;
129;129;OR;R;1;433;0013246;;20180205;2247;60;ENTREGADO;;;;
129;129;OR;R;1;433;0013246;;20180205;2246;30;EN VIAJE;;;;
129;129;OR;R;1;433;0013246;;20180205;2246;20;ASIGNADO;;;;
129;129;OD;R;1;434;0015318;;20180205;2247;60;ENTREGADO;;;;
129;129;OD;R;1;434;0015318;;20180205;2246;30;EN VIAJE;;;;
129;129;OR;R;1;434;0015318;;20180205;2246;30;EN VIAJE;;;;
129;129;OR;R;1;434;0015318;;20180205;2247;60;ENTREGADO;;;;
129;129;OD;R;1;435;0748653;;20180205;2252;60;ENTREGADO;;;;
129;129;OD;R;1;435;0748653;;20180205;2251;30;EN VIAJE;;;;
129;129;OR;R;1;435;0748653;;20180205;2252;60;ENTREGADO;;;;
129;129;OR;R;1;435;0748653;;20180205;2251;30;EN VIAJE;;;;
129;129;OR;R;1;436;004093;;20180205;2256;20;ASIGNADO;;;;
129;129;OD;R;1;437;0013207;;20180205;2246;20;ASIGNADO;;;;
129;129;OD;R;1;437;0013207;;20180205;2246;30;EN VIAJE;;;;
129;129;OD;R;1;437;0013207;;20180205;2247;60;ENTREGADO;;;;
129;129;OR;R;1;437;0013207;;20180205;2247;60;ENTREGADO;;;;
129;129;OR;R;1;437;0013207;;20180205;2246;30;EN VIAJE;;;;
129;129;OR;R;1;437;0013207;;20180205;2246;20;ASIGNADO;;;;
129;129;OD;R;1;438;0748658;;20180205;2252;60;ENTREGADO;;;;
129;129;OD;R;1;438;0748658;;20180205;2251;30;EN VIAJE;;;;
129;129;OR;R;1;438;0748658;;20180205;2251;30;EN VIAJE;;;;
129;129;OR;R;1;438;0748658;;20180205;2252;60;ENTREGADO;;;;
129;129;OD;R;1;439;0012758;;20180205;2247;60;ENTREGADO;;;;
129;129;OD;R;1;439;0012758;;20180205;2246;30;EN VIAJE;;;;
129;129;OR;R;1;439;0012758;;20180205;2247;60;ENTREGADO;;;;
129;129;OR;R;1;439;0012758;;20180205;2246;30;EN VIAJE;;;;
129;129;OD;R;1;440;0748688;;20180205;2246;30;EN VIAJE;;;;
129;129;OD;R;1;440;0748688;;20180205;2247;60;ENTREGADO;;;;
129;129;OD;R;1;440;0748688;;20180205;2246;20;ASIGNADO;;;;
129;129;OR;R;1;440;0748688;;20180205;2246;20;ASIGNADO;;;;
129;129;OR;R;1;440;0748688;;20180205;2247;60;ENTREGADO;;;;
129;129;OR;R;1;440;0748688;;20180205;2246;30;EN VIAJE;;;;
129;129;OD;R;1;441;747830;;20180205;2236;60;ENTREGADO;;;;
129;129;OD;R;1;441;747830;;20180205;2235;30;EN VIAJE;;;;
129;129;OD;R;1;441;747830;;20180205;2235;20;ASIGNADO;;;;
129;129;OR;R;1;441;747830;;20180205;2235;20;ASIGNADO;;;;
129;129;OR;R;1;441;747830;;20180205;2236;60;ENTREGADO;;;;
129;129;OR;R;1;441;747830;;20180205;2235;30;EN VIAJE;;;;
129;129;OD;R;1;443;0012146;;20180205;2247;60;ENTREGADO;;;;
129;129;OD;R;1;443;0012146;;20180205;2246;20;ASIGNADO;;;;
129;129;OD;R;1;443;0012146;;20180205;2246;30;EN VIAJE;;;;
129;129;OR;R;1;443;0012146;;20180205;2247;60;ENTREGADO;;;;
129;129;OR;R;1;443;0012146;;20180205;2246;20;ASIGNADO;;;;
129;129;OR;R;1;443;0012146;;20180205;2246;30;EN VIAJE;;;;
129;129;OD;R;1;444;0747812;;20180206;0617;60;ENTREGADO;;;;
129;129;OR;R;1;444;0747812;;20180206;0617;60;ENTREGADO;;;;
129;129;OD;R;1;446;748627;;20180205;2247;60;ENTREGADO;;;;
129;129;OD;R;1;446;748627;;20180205;2246;30;EN VIAJE;;;;
129;129;OR;R;1;446;748627;;20180205;2247;60;ENTREGADO;;;;
129;129;OR;R;1;446;748627;;20180205;2246;30;EN VIAJE;;;;
129;129;OD;R;1;448;0015898;;20180205;2235;20;ASIGNADO;;;;
129;129;OD;R;1;448;0015898;;20180205;2236;60;ENTREGADO;;;;
129;129;OD;R;1;448;0015898;;20180205;2235;30;EN VIAJE;;;;
129;129;OR;R;1;448;0015898;;20180205;2235;30;EN VIAJE;;;;
129;129;OR;R;1;448;0015898;;20180205;2236;60;ENTREGADO;;;;
129;129;OR;R;1;448;0015898;;20180205;2235;20;ASIGNADO;;;;
129;129;OD;R;1;449;0015899;;20180205;2235;20;ASIGNADO;;;;
129;129;OD;R;1;449;0015899;;20180205;2235;30;EN VIAJE;;;;
129;129;OD;R;1;449;0015899;;20180205;2236;60;ENTREGADO;;;;
129;129;OR;R;1;449;0015899;;20180205;2235;20;ASIGNADO;;;;
129;129;OR;R;1;449;0015899;;20180205;2236;60;ENTREGADO;;;;
129;129;OR;R;1;449;0015899;;20180205;2235;30;EN VIAJE;;;;
129;129;OD;R;1;451;0749945;;20180205;2247;60;ENTREGADO;;;;
129;129;OD;R;1;451;0749945;;20180205;2246;30;EN VIAJE;;;;
129;129;OR;R;1;451;0749945;;20180205;2247;60;ENTREGADO;;;;
129;129;OR;R;1;451;0749945;;20180205;2246;30;EN VIAJE;;;;
129;129;OD;R;1;454;0749954;;20180205;2235;20;ASIGNADO;;;;
129;129;OD;R;1;454;0749954;;20180205;2235;30;EN VIAJE;;;;
129;129;OD;R;1;454;0749954;;20180205;2236;60;ENTREGADO;;;;
129;129;OR;R;1;454;0749954;;20180205;2235;30;EN VIAJE;;;;
129;129;OR;R;1;454;0749954;;20180205;2236;60;ENTREGADO;;;;
129;129;OR;R;1;454;0749954;;20180205;2235;20;ASIGNADO;;;;
129;129;OD;R;1;456;0013247;;20180205;2246;30;EN VIAJE;;;;
129;129;OD;R;1;456;0013247;;20180205;2247;60;ENTREGADO;;;;
129;129;OD;R;1;456;0013247;;20180205;2246;20;ASIGNADO;;;;
129;129;OR;R;1;456;0013247;;20180205;2247;60;ENTREGADO;;;;
129;129;OR;R;1;456;0013247;;20180205;2246;30;EN VIAJE;;;;
129;129;OR;R;1;456;0013247;;20180205;2246;20;ASIGNADO;;;;
129;129;OD;R;1;457;0012757;;20180205;2246;30;EN VIAJE;;;;
129;129;OD;R;1;457;0012757;;20180205;2247;60;ENTREGADO;;;;
129;129;OR;R;1;457;0012757;;20180205;2247;60;ENTREGADO;;;;
129;129;OR;R;1;457;0012757;;20180205;2246;30;EN VIAJE;;;;
129;129;OD;R;1;459;0013248;;20180205;2246;20;ASIGNADO;;;;
129;129;OD;R;1;459;0013248;;20180205;2247;60;ENTREGADO;;;;
129;129;OD;R;1;459;0013248;;20180205;2246;30;EN VIAJE;;;;
129;129;OR;R;1;459;0013248;;20180205;2246;20;ASIGNADO;;;;
129;129;OR;R;1;459;0013248;;20180205;2246;30;EN VIAJE;;;;
129;129;OR;R;1;459;0013248;;20180205;2247;60;ENTREGADO;;;;
129;129;OD;R;1;461;0012585;;20180205;2252;30;EN VIAJE;;;;
129;129;OD;R;1;461;0012585;;20180205;2253;60;ENTREGADO;;;;
129;129;OR;R;1;461;0012585;;20180205;2253;60;ENTREGADO;;;;
129;129;OR;R;1;461;0012585;;20180205;2252;30;EN VIAJE;;;;
129;129;OD;R;1;462;0012585;;20180205;2251;30;EN VIAJE;;;;
129;129;OD;R;1;462;0012585;;20180205;2252;60;ENTREGADO;;;;
129;129;OR;R;1;462;0012585;;20180205;2252;60;ENTREGADO;;;;
129;129;OR;R;1;462;0012585;;20180205;2251;30;EN VIAJE;;;;
129;129;OD;R;1;465;0012519;;20180205;2251;30;EN VIAJE;;;;
129;129;OD;R;1;465;0012519;;20180205;2252;60;ENTREGADO;;;;
129;129;OR;R;1;465;0012519;;20180205;2252;60;ENTREGADO;;;;
129;129;OR;R;1;465;0012519;;20180205;2251;30;EN VIAJE;;;;
129;129;OD;R;1;466;0015666;;20180205;2235;20;ASIGNADO;;;;
129;129;OD;R;1;466;0015666;;20180205;2235;30;EN VIAJE;;;;
129;129;OD;R;1;466;0015666;;20180205;2236;60;ENTREGADO;;;;
129;129;OR;R;1;466;0015666;;20180205;2236;60;ENTREGADO;;;;
129;129;OR;R;1;466;0015666;;20180205;2235;30;EN VIAJE;;;;
129;129;OR;R;1;466;0015666;;20180205;2235;20;ASIGNADO;;;;
129;129;OD;R;1;467;0012520;;20180205;2252;60;ENTREGADO;;;;
129;129;OD;R;1;467;0012520;;20180205;2251;30;EN VIAJE;;;;
129;129;OR;R;1;467;0012520;;20180205;2251;30;EN VIAJE;;;;
129;129;OR;R;1;467;0012520;;20180205;2252;60;ENTREGADO;;;;
129;129;OD;R;1;468;0013208;;20180205;2246;20;ASIGNADO;;;;
129;129;OD;R;1;468;0013208;;20180205;2246;30;EN VIAJE;;;;
129;129;OD;R;1;468;0013208;;20180205;2247;60;ENTREGADO;;;;
129;129;OR;R;1;468;0013208;;20180205;2247;60;ENTREGADO;;;;
129;129;OR;R;1;468;0013208;;20180205;2246;30;EN VIAJE;;;;
129;129;OR;R;1;468;0013208;;20180205;2246;20;ASIGNADO;;;;
129;129;OD;R;1;470;0013298;;20180205;2247;60;ENTREGADO;;;;
129;129;OD;R;1;470;0013298;;20180205;2246;30;EN VIAJE;;;;
129;129;OD;R;1;470;0013298;;20180205;2246;20;ASIGNADO;;;;
129;129;OR;R;1;470;0013298;;20180205;2246;30;EN VIAJE;;;;
129;129;OR;R;1;470;0013298;;20180205;2246;20;ASIGNADO;;;;
129;129;OR;R;1;470;0013298;;20180205;2247;60;ENTREGADO;;;;
129;129;OD;R;1;471;0747910;;20180205;2247;60;ENTREGADO;;;;
129;129;OD;R;1;471;0747910;;20180205;2246;20;ASIGNADO;;;;
129;129;OD;R;1;471;0747910;;20180205;2246;30;EN VIAJE;;;;
129;129;OR;R;1;471;0747910;;20180205;2246;30;EN VIAJE;;;;
129;129;OR;R;1;471;0747910;;20180205;2246;20;ASIGNADO;;;;
129;129;OR;R;1;471;0747910;;20180205;2247;60;ENTREGADO;;;;
129;129;OD;R;1;473;0013299;;20180205;2247;60;ENTREGADO;;;;
129;129;OD;R;1;473;0013299;;20180205;2246;20;ASIGNADO;;;;
129;129;OD;R;1;473;0013299;;20180205;2246;30;EN VIAJE;;;;
129;129;OR;R;1;473;0013299;;20180205;2246;30;EN VIAJE;;;;
129;129;OR;R;1;473;0013299;;20180205;2247;60;ENTREGADO;;;;
129;129;OR;R;1;473;0013299;;20180205;2246;20;ASIGNADO;;;;
129;129;OD;R;1;472;0012147;;20180205;2247;60;ENTREGADO;;;;
129;129;OD;R;1;472;0012147;;20180205;2246;30;EN VIAJE;;;;
129;129;OD;R;1;472;0012147;;20180205;2246;20;ASIGNADO;;;;
129;129;OR;R;1;472;0012147;;20180205;2247;60;ENTREGADO;;;;
129;129;OR;R;1;472;0012147;;20180205;2246;20;ASIGNADO;;;;
129;129;OR;R;1;472;0012147;;20180205;2246;30;EN VIAJE;;;;
129;129;OD;R;1;476;0013249;;20180205;2246;30;EN VIAJE;;;;
129;129;OD;R;1;476;0013249;;20180205;2246;20;ASIGNADO;;;;
129;129;OD;R;1;476;0013249;;20180205;2247;60;ENTREGADO;;;;
129;129;OR;R;1;476;0013249;;20180205;2246;20;ASIGNADO;;;;
129;129;OR;R;1;476;0013249;;20180205;2246;30;EN VIAJE;;;;
129;129;OR;R;1;476;0013249;;20180205;2247;60;ENTREGADO;;;;
129;129;OD;R;1;477;0026464;;20180205;2246;30;EN VIAJE;;;;
129;129;OD;R;1;477;0026464;;20180205;2246;20;ASIGNADO;;;;
129;129;OD;R;1;477;0026464;;20180205;2247;60;ENTREGADO;;;;
129;129;OR;R;1;477;0026464;;20180205;2247;60;ENTREGADO;;;;
129;129;OR;R;1;477;0026464;;20180205;2246;20;ASIGNADO;;;;
129;129;OR;R;1;477;0026464;;20180205;2246;30;EN VIAJE;;;;
129;129;OD;R;1;478;749941;;20180205;2251;30;EN VIAJE;;;;
129;129;OD;R;1;478;749941;;20180205;2252;60;ENTREGADO;;;;
129;129;OR;R;1;478;749941;;20180205;2251;30;EN VIAJE;;;;
129;129;OR;R;1;478;749941;;20180205;2252;60;ENTREGADO;;;;
129;129;OD;R;1;479;0026465;;20180205;2246;20;ASIGNADO;;;;
129;129;OD;R;1;479;0026465;;20180205;2247;60;ENTREGADO;;;;
129;129;OD;R;1;479;0026465;;20180205;2246;30;EN VIAJE;;;;
129;129;OR;R;1;479;0026465;;20180205;2246;30;EN VIAJE;;;;
129;129;OR;R;1;479;0026465;;20180205;2247;60;ENTREGADO;;;;
129;129;OR;R;1;479;0026465;;20180205;2246;20;ASIGNADO;;;;
129;129;OD;R;1;480;0015105;;20180205;2236;60;ENTREGADO;;;;
129;129;OD;R;1;480;0015105;;20180205;2235;30;EN VIAJE;;;;
129;129;OD;R;1;480;0015105;;20180205;2235;20;ASIGNADO;;;;
129;129;OR;R;1;480;0015105;;20180205;2235;30;EN VIAJE;;;;
129;129;OR;R;1;480;0015105;;20180205;2236;60;ENTREGADO;;;;
129;129;OR;R;1;480;0015105;;20180205;2235;20;ASIGNADO;;;;
129;129;OD;R;1;481;0026466;;20180205;2247;60;ENTREGADO;;;;
129;129;OD;R;1;481;0026466;;20180205;2246;30;EN VIAJE;;;;
129;129;OD;R;1;481;0026466;;20180205;2246;20;ASIGNADO;;;;
129;129;OR;R;1;481;0026466;;20180205;2247;60;ENTREGADO;;;;
129;129;OR;R;1;481;0026466;;20180205;2246;30;EN VIAJE;;;;
129;129;OR;R;1;481;0026466;;20180205;2246;20;ASIGNADO;;;;
129;129;OD;R;1;485;0747792;;20180205;2251;30;EN VIAJE;;;;
129;129;OD;R;1;485;0747792;;20180205;2252;60;ENTREGADO;;;;
129;129;OR;R;1;485;0747792;;20180205;2252;60;ENTREGADO;;;;
129;129;OR;R;1;485;0747792;;20180205;2251;30;EN VIAJE;;;;
129;129;OD;R;1;486;0012148;;20180205;2246;30;EN VIAJE;;;;
129;129;OD;R;1;486;0012148;;20180205;2246;20;ASIGNADO;;;;
129;129;OD;R;1;486;0012148;;20180205;2247;60;ENTREGADO;;;;
129;129;OR;R;1;486;0012148;;20180205;2246;30;EN VIAJE;;;;
129;129;OR;R;1;486;0012148;;20180205;2246;20;ASIGNADO;;;;
129;129;OR;R;1;486;0012148;;20180205;2247;60;ENTREGADO;;;;
129;129;OD;R;1;489;0012756;;20180205;2246;30;EN VIAJE;;;;
129;129;OD;R;1;489;0012756;;20180205;2247;60;ENTREGADO;;;;
129;129;OR;R;1;489;0012756;;20180205;2246;30;EN VIAJE;;;;
129;129;OR;R;1;489;0012756;;20180205;2247;60;ENTREGADO;;;;
129;129;OD;R;1;491;0012149;;20180205;2246;30;EN VIAJE;;;;
129;129;OD;R;1;491;0012149;;20180205;2247;60;ENTREGADO;;;;
129;129;OD;R;1;491;0012149;;20180205;2246;20;ASIGNADO;;;;
129;129;OR;R;1;491;0012149;;20180205;2246;30;EN VIAJE;;;;
129;129;OR;R;1;491;0012149;;20180205;2246;20;ASIGNADO;;;;
129;129;OR;R;1;491;0012149;;20180205;2247;60;ENTREGADO;;;;
129;129;OD;R;1;492;0013209;;20180205;2246;20;ASIGNADO;;;;
129;129;OD;R;1;492;0013209;;20180205;2246;30;EN VIAJE;;;;
129;129;OD;R;1;492;0013209;;20180205;2247;60;ENTREGADO;;;;
129;129;OR;R;1;492;0013209;;20180205;2247;60;ENTREGADO;;;;
129;129;OR;R;1;492;0013209;;20180205;2246;30;EN VIAJE;;;;
129;129;OR;R;1;492;0013209;;20180205;2246;20;ASIGNADO;;;;
129;129;OD;R;1;493;0747832;;20180205;2246;30;EN VIAJE;;;;
129;129;OD;R;1;493;0747832;;20180205;2247;60;ENTREGADO;;;;
129;129;OR;R;1;493;0747832;;20180205;2247;60;ENTREGADO;;;;
129;129;OR;R;1;493;0747832;;20180205;2246;30;EN VIAJE;;;;
129;129;OD;R;1;494;0015317;;20180205;2247;60;ENTREGADO;;;;
129;129;OD;R;1;494;0015317;;20180205;2246;30;EN VIAJE;;;;
129;129;OR;R;1;494;0015317;;20180205;2246;30;EN VIAJE;;;;
129;129;OR;R;1;494;0015317;;20180205;2247;60;ENTREGADO;;;;
129;129;OD;R;1;496;0747820;;20180205;2246;30;EN VIAJE;;;;
129;129;OD;R;1;496;0747820;;20180205;2246;20;ASIGNADO;;;;
129;129;OD;R;1;496;0747820;;20180205;2247;60;ENTREGADO;;;;
129;129;OR;R;1;496;0747820;;20180205;2247;60;ENTREGADO;;;;
129;129;OR;R;1;496;0747820;;20180205;2246;20;ASIGNADO;;;;
129;129;OR;R;1;496;0747820;;20180205;2246;30;EN VIAJE;;;;
129;129;OD;R;1;497;0012841;;20180205;2247;60;ENTREGADO;;;;
129;129;OD;R;1;497;0012841;;20180205;2246;30;EN VIAJE;;;;
129;129;OR;R;1;497;0012841;;20180205;2246;30;EN VIAJE;;;;
129;129;OR;R;1;497;0012841;;20180205;2247;60;ENTREGADO;;;;
129;129;OD;R;1;498;0013250;;20180205;2247;60;ENTREGADO;;;;
129;129;OD;R;1;498;0013250;;20180205;2246;20;ASIGNADO;;;;
129;129;OD;R;1;498;0013250;;20180205;2246;30;EN VIAJE;;;;
129;129;OR;R;1;498;0013250;;20180205;2246;30;EN VIAJE;;;;
129;129;OR;R;1;498;0013250;;20180205;2246;20;ASIGNADO;;;;
129;129;OR;R;1;498;0013250;;20180205;2247;60;ENTREGADO;;;;
129;129;OD;R;1;502;12755;;20180205;2247;60;ENTREGADO;;;;
129;129;OD;R;1;502;12755;;20180205;2246;30;EN VIAJE;;;;
129;129;OR;R;1;502;12755;;20180205;2246;30;EN VIAJE;;;;
129;129;OR;R;1;502;12755;;20180205;2247;60;ENTREGADO;;;;
129;129;OD;R;1;503;12754;;20180205;2247;60;ENTREGADO;;;;
129;129;OD;R;1;503;12754;;20180205;2246;30;EN VIAJE;;;;
129;129;OR;R;1;503;12754;;20180205;2247;60;ENTREGADO;;;;
129;129;OR;R;1;503;12754;;20180205;2246;30;EN VIAJE;;;;
129;129;OR;R;1;507;0486845;;20180205;2235;20;ASIGNADO;;;;
129;129;OR;R;1;507;0486845;;20180205;2236;60;ENTREGADO;;;;
129;129;OR;R;1;507;0486845;;20180205;2235;30;EN VIAJE;;;;
129;129;OR;R;1;507;0486845;;20180205;2219;20;ASIGNADO;;;;
129;129;OD;R;1;508;0012954;;20180205;2253;60;ENTREGADO;;;;
129;129;OD;R;1;508;0012954;;20180205;2252;30;EN VIAJE;;;;
129;129;OD;R;1;506;0749953;;20180205;2235;20;ASIGNADO;;;;
129;129;OD;R;1;506;0749953;;20180205;2236;60;ENTREGADO;;;;
129;129;OD;R;1;506;0749953;;20180205;2235;30;EN VIAJE;;;;
129;129;OD;R;1;506;0749953;;20180205;2219;20;ASIGNADO;;;;
129;129;OR;R;1;506;0749953;;20180205;2219;20;ASIGNADO;;;;
129;129;OR;R;1;506;0749953;;20180205;2235;20;ASIGNADO;;;;
129;129;OR;R;1;506;0749953;;20180205;2235;30;EN VIAJE;;;;
129;129;OR;R;1;506;0749953;;20180205;2236;60;ENTREGADO;;;;
129;129;OD;R;1;507;0486845;;20180205;2236;60;ENTREGADO;;;;
129;129;OD;R;1;507;0486845;;20180205;2235;30;EN VIAJE;;;;
129;129;OD;R;1;507;0486845;;20180205;2235;20;ASIGNADO;;;;
129;129;OD;R;1;507;0486845;;20180205;2219;20;ASIGNADO;;;;
129;129;OR;R;1;508;0012954;;20180205;2253;60;ENTREGADO;;;;
129;129;OR;R;1;508;0012954;;20180205;2252;30;EN VIAJE;;;;
129;129;OD;R;1;509;0747817;;20180205;2246;30;EN VIAJE;;;;
129;129;OD;R;1;509;0747817;;20180205;2241;20;ASIGNADO;;;;
129;129;OD;R;1;509;0747817;;20180205;2247;60;ENTREGADO;;;;
129;129;OR;R;1;509;0747817;;20180205;2247;60;ENTREGADO;;;;
129;129;OR;R;1;509;0747817;;20180205;2246;30;EN VIAJE;;;;
129;129;OR;R;1;509;0747817;;20180205;2241;20;ASIGNADO;;;;
129;129;OD;R;1;512;0749543;;20180205;2244;20;ASIGNADO;;;;
129;129;OD;R;1;512;0749543;;20180205;2246;20;ASIGNADO;;;;
129;129;OD;R;1;512;0749543;;20180205;2247;60;ENTREGADO;;;;
129;129;OD;R;1;512;0749543;;20180205;2246;30;EN VIAJE;;;;
129;129;OR;R;1;512;0749543;;20180205;2246;30;EN VIAJE;;;;
129;129;OR;R;1;512;0749543;;20180205;2247;60;ENTREGADO;;;;
129;129;OR;R;1;512;0749543;;20180205;2244;20;ASIGNADO;;;;
129;129;OD;R;1;516;0747909;;20180205;2250;20;ASIGNADO;;;;
129;129;OD;R;1;516;0747909;;20180205;2252;30;EN VIAJE;;;;
129;129;OD;R;1;516;0747909;;20180205;2253;60;ENTREGADO;;;;
129;129;OR;R;1;516;0747909;;20180205;2253;60;ENTREGADO;;;;
129;129;OR;R;1;516;0747909;;20180205;2252;30;EN VIAJE;;;;
129;129;OR;R;1;516;0747909;;20180205;2250;20;ASIGNADO;;;;
